7436
2422162
2
6786
326
33953
88482
30
45
6
11258705681152
382
8916
832
6
3
966139234
906
911
176974301
47
646
502
562
9
607
484
2
4602527
15807
64
171048
86328738270111
4457878
18576541
7284
834
783
48
32294
79748
8720156613025
56
655906959420578496
62
11230
58946
273202440
3302
3928752
6
638148
37
5
3940581128
26
114
926
458934
7779
331982
11
18091
7
81272832530175
5
4
78242
71
736940
20081821
395567527955788216
87933761570320
162553709707
855
3
216586
41
3114
4974558093
35708
2350892
476236746
428
67
67
53005
3619
616
28
12399
7
661
64
50080114515505
41454
3
521186
964
212
4
35
157
93369354961
64826466
965255
7579107
584825
19
18
60
577421856094
76
1573464
7159826122
24690424285
9600
544
734
360
9720
2
1453166299099
14018845
71759414236780
704
3919814
44306
39092339663
742
477052532330227
76
9700
6
25
31
382203489
69
72
6130
61
8675147
596
24
884
54
114770015647817
614817
879014157116
7799717
198454
147
384
207
93
1128
8
2
857
504579984550444584
79
185438163
86030556
72145
439
28117
99
673274
1
30
6912
21100161
142494
14
27
96
825507
97
36
289513
7
2
87
6570
3
2
443127991974089777
3
411
64
51495
8386143
9074939
3
27
50
17327
854
72
837588170
606
4
332
76633653130575
37
11
5
993053
715794
48010
8
46026405
8249716
84
2490174045
4
8
999
44
91
72413715833863
6129422
5600973
5
9149
713
9
74623
384
5
51879162
6892025
6
50
297
3758676
76954291145170
3935260
1544
5
5
598268911235
2098963
9
4
8654
847906
7690514558232051
1245240794
67251
1359
927
966
5221
2
23
609
934
96
965244
81302222
1
6790059149
48
4300537674
4
8013481613
17724
3
92
585363044638921483
824
566
4
7104727
11
3
9
823548520076289482
8372
5
48921
968277
28
8846
57
44703
6731
81
928
987975
96
1739
696
6152333710
41
2311
7875923609369
25
621
83340726
98553
5152
481
266340
4708
354
79
8612
125
269586
430
24
9503708
791170977766025660
81
53
4
61
503455
78
67662409
36525575
3
97
62
414619
68348342952
998602694747006
87967661592
6313
677959689028
41802348
77585
2
92
6
7
31924955
5099
898798
93774
84
3
8852542
9484
136615091433525049
425632
129878652
126680402982442280
453436443
3
11
50549331601178
321
31
515237
3
107903785
405246589
4
3657244
904131260237
4917115091830
80
663892
600
693207805650577132
8954
43544926556
41
815
6158494495500
7
6052
8327514
6576644
78
584
436
6087
61
91
2
345
858
5381
506
3
78
61662
8
193720971
10737283692885
2221751
32159789708095590
416
42172564326
5452916
387287
8766
48
1159
1
9001427
233537580727316552
319474914
21
8793
8
253
429
29
18
4475
49
2220543216412994
50534780
6916943
533814191
4466
38
6
388425
16
73232
2095
369
6
2
1852571568
150
1
18
816831319
48110
3870004745
70336236
98183
32931
245
4583997819
48
5
961
754479187139
5
14349
1
94289547680
84192
9
7265242013
45
9289502
5
4786131
70
54192
434
955672333
25
966597
12199775387040
19567
50342380641
6
1518
37315
6605
2
307438561938
1
87735
3190091
1
11429425419679
24
4787340
8
339154874
1
798262970699
4063
46844
1
9
3
9208
5381
3229
188
610515
2
68
4442895233
229880
345978784
338
34404
7899996193
4
9
778680
227352130
896909791253058900
4065
35550
2
773
74862062156251162
9241205
2
707878
1897
850560
93
13
9
35162
35951476188079
65833
872871
914
4
9062
45338
185543
4445023
26437
51
88397
224102
5444711
424273526
45
19
1085990
5322
23061454870
14
6
9
363665
4475
10459154
45
513531
16
34632
890674
93251
7453
4222405
460
97324522
3
869
46945
8884178571143014
3299
733623
827
7364063498
95
562064590984
45
61
58652
9
90
197260951506469
2453398883864
545511
6226
19
64
829716
499
10869
5
57
219
6839
8
292
479986
514
634611
252005416
6
5304
63625
77
3
37648
8
646
918541
57
408
268474899154413
3182866383813943
50
69
524
483924709660
648
29
4329471400263
9
497296323
48
46783
1679
462
3
56
64
61888
6
668
538810865
8
9111204
432713
96702969
544
2
1
1848438
8740
506136
5
15
8
119644866
19120
5
92
547
9195
6788
7215
9
91423
8
6479
4
5
48265998363
34956
28189814463302
9619899
2979518939
9
624
11
29291
9
20132
154481
2
114875023
501
1
457
81275796
80492772
6223
362
9
5307957
92
2
31
83
4324
2378406
2
63945957791
6
772
26
8
78
1
69
613
4
757852980597
2
442
129
721
335
11375746
4
691
715515943840902383
345266
8569
817259
817080
4262
408532
921
21590
4
9
638149
4
1
479
7
75797062
2
75
430
9566
7003180
73
739
2113
424245601007043
68768077
24
869756
1
2405990
7
84
25145
927742601696948466
30876347
2
70
1614758479
3
6
8
2
410581
6
5
996852931
33
92221942
234272
306646
14
4
89
46263210
42
641773
9
612
33
359
1
868
53740235
5
6917
845695
494541955698695823
563
78
1
9041092
555
6
6
5336
2488
5004
74
89
2
80
8651
29739497
825981
33
2
27
74
597855
1715179320987
9109306
7103167
69
98604
7240102489
218168650782275243
11
4378549
9
1
10
122
33669
71989
536811
29
59
2274088228
41584786063519
3
2
77854216
2957
17053590
992131
4
629152
5085625068524
791644726099693481
9064
42
89505834148809658
64
831044
9292
7507411501
7999399506
597
7
5113
45556356
46
8709
839
9742
118
28
77
774001
3099949950093
3
25271
8094
8
2
211
76155
30794
1032
671
3
372072509726
2242627205
30303
9727272832
156
79940143
61586774
302
7199352356686
44046
144
7
98212490
80874
946
9
49608658127
4533
1
13051
30111980
6
895497
4
7
752513513943
6
9
399247871
965505996
685408549469516967
3
91
9341
308054
3
2
6
99437949234
2612609137
6768876
8
62324
1257
599140
157695
582
30483
918733819
1
901243
2
6
4308
6
3
5
755631911
4
3149
8
533
3
86
6
259
1684496938
31
1
272491850308093947
32
89613
3
446591
26
8715
374
4
24915708126963
47121693855
2
332
1368415999
5
237
57
823
2
3103345534649
8198392897
58286520461
14
73490
3201
6
7
9361551
4126778
15413197
4
17005
3
1
574996
795136413533615355
326
12444510
46
696
71450
71
42950
274
527461
76257702043
490
17
2042
24421
5
88
97
39
69
777
6
6779265
211207865
145201
78
8409344810852
7667
59185928
4778
2
176736615642
630
727530
84
976
40109858371
914184646
462946163273
798
2746204907
154195
7339
8
398792
